
811425380
811425281
811425124
811424994
811424902
811424738
811424613
811424308
811424233
811423813
811423285
811423227
811422881
811422485
811422039
811421809
811421354
811419870
811419507
811419424
811419250
811419094
811418872
811418252
811418111
811418088
811418062
811418020
811417965
811417775
811417759
811417395
811417361
811417353
811417296
811417189
811417105
811417056
811416636
811416610
811416248
811415836
811415696
811415597
811415472
811415258
811415224
811415084
811414979
811414854
811414432
811414359
811414341
811414234
811414185
811414135
811413898
811413715
811413202
811412999
811412775
811412048
811411941
811411777
811411769
811411686
811411305
811411206
811410901
811410860
811410191
811410117
811410050
811409912
811409813
811409805
811409475
811409326
811409243
811409201
811408914
811408344
811408005
811407924
811407859
811407685
811407502
811406926
811406843
811406786
811406439
811405267
811405100
811405077
811404524
811404243
811404144
811403823
811403485
811401992
811401851
811401512
811401223
811401158
811400754
811400209
811400069
811400027
811399890
811399551
811399246
811399189
811398222
811397993
811397547
811397191
811396507
811395955
811395658
811395319
811395195
811394981
811394874
811394759
811394709
811394527
811394155
811393975
811393800
811393420
811393256
811393248
811393090
811392737
811392133
811391812
811390252
811389734
811389677
811389552
811389388
811389239
811389148
811389023
811388851
811388710
811387754
811387259
811386813
811385386
811384875
811384867
811384726
811384619
811384601
811384354
811383934
811383679
811383223
811383033
811382043
811381516
811381186
811380584
811380485
811380104
811379917
811378737
811378612
811378498
811377953
811377599
811376038
811375329
811373175
811372870
811372630
811372309
811372101
811371715
811371640
811370741
811370139
811369918
811369851
811369736
811368712
811367897
811367178
811367110
811365586
811365370
811365312
811364596
811363308
811363267
811363043
811362706
811362558
811362227
811362136
811362079
811360825
811360023
811359828
811359422
811359399
811359282
811359274
811358432
811357153
811356618
811356080
811355470
811355462
811355230
811354935
811354464
811354076
811353614
811353143
811353044
811352707
811351808
811351410
811350826
811350793
811350587
811350420
811350412
811350024
811349572
811349316
811348798
811348665
811347914
811347857
811347849
811347469
811347394
811347071
811346594
811346445
811346099
811345570
811345306
811344845
811344358
811343483
811343441
811343318
811343045
811342998
811342617
811341651
811341560
811341403
811341312
811341065
811341057
811340603
811340182
811339888
811339573
811339466
811337824
811337551
811337030
811336206
811335985
811334929
811334599
811334549
811334044
811333484
811332767
811332113
811332014
811331769
811331420
811330927
811330646
811330406
811330331
811330000
811329558
811329524
811329285
811329136
811328021
811327536
811327180
811326885
811326538
811326314
811325986
811325978
811325465
811325118
811325027
811324706
811322776
811322742
811322114
811321330
811321083
811320887
811320556
811320423
811320259
811319559
811319484
811318816
811317826
811317347
811316315
811315846
811315606
811315169
811314567
811314179
811313957
811313436
811313395
811313056
811312595
811312561
811311125
811309500
811309203
811307918
811306316
811306267
811306027
811304310
811303362
811302570
811302471
811302330
811301530
811301449
811301118
811299967
811299735
811299686
811299652
811299488
811299123
811298943
811298612
811298331
811298266
811298000
811297739
811297490
811296880
811295791
811294701
811294644
811294610
811294082
811293456
811292648
811292531
811292309
811292060
811292044
811291757
811291575
811291533
811290874
811289546
811289380
811289182
811288928
811288770
811288639
811288407
811288390
811287409
811287136
811286980
811286592
811285768
811285502
811285081
811284679
811284497
811284447
811284215
811283944
811283902
811283449
811283407
811283374
811283358
811282409
811282376
811282136
811281807
811281493
811281401
811281287
811281211
811281146
811280940
811280643
811280362
811279761
811279737
811279373
811278630
811278531
811278482
811278424
811278375
811278101
811277955
811277723
811277575
811276949
811276478
811276147
811275793
811275751
811275321
811274919
811274240
811273739
811273432
811273424
811273359
811272880
811272830
811272715
811272400
811272070
811271999
811271890
811270652
811270462
810159534
810159526
810121012
811267154
811265877
811322081
71119483
811264308
811263996
811263970
811263673
811262724
811262542
811262500
811262477
811262352
811262279
70889714
811547275
811262162
811262097
811262063
811262047
811261578
811261403
811261338
811261247
811837965
811260497
811259995
811259953
811259911
811259284
811471929
811259002
811258939
811258905
70633787
811258856
811837759
70612496
811258004
811837684
70569477
811446360
811257816
811257626
811837626
811256892
810192998
810161498
810150722
810135378
810110635
810109430
810105917
810101501
810099467
810091273
810089385
810084062
810071754
810061838
810061086
810059031
810058786
810032699
810011239
811256529
811256321
811256173
811255894
811255844
811255810
811255464
71249158
811255191
811255159
811254581
811254482
811254432
811254309
811254292
811254268
811254101
811253905
811253872
811253666
811253640
811253616
811253343
811252832
811252725
811252585
811252569
811252444
811252014
811251991
811251785
811251777
811251694
811251678
811251636
811251537
811251280
811251181
811251173
811251157
811251149
811251074
811251032
811251016
811250670
810180208
810014291
811250505
811250365
811250290
71226565
811249649
811249558
811249540
811249475
811249293
811249219
71085260
811248956
811248659
71044432
71018148
71014398
811248196
811248154
811248138
811247990
70962853
811274571
811247362
811247156
811246322
70821346
70820811
70819627
811246182
811246174
811246017
811244821
811244798
70621576
811244722
811244566
811244350
70557665
811244186
811244045
811243948
811243930
811243881
811837155
810180844
810177677
810165341
810148107
810133976
810056699
810025628
811243485
811243352
811243261
811242924
811242867
811242841
811242833
811242776
70861259
811242700
811242627
70536544
811242510
810006214
811241926
811241421
811241281
71195104
71144488
811240473
71065715
811240275
811240100
811239997
811239567
811239525
811239484
811239335
70910497
70895420
811238725
811238262
811237933
811237610
811237446
811237305
811492199
70728184
811237040
811236860
811236836
70674580
811236589
811326041
70631660
811236159
811236092
811836884
811235680
811235656
811235606
70562111
811235234
811235060
811234905
811234856
811836800
811234624
811234442
811234335
810176661
810121400
810072140
810074120
810056277
810055526
810035247
810025777
810002733
811233733
811233410
811233361
811233303
811233270
811233262
70811030
811233238
70745666
811233006
810117863
811231860
811231737
811231612
811231539
71234320
811230648
811230614
71051153
811229914
71047601
811229625
811517260
811229360
811229295
811229146
70957558
811228916
811228908
811228461
811228205
811228198
811228015
811227629
70815524
811226564
811226390
811226366
811225889
811225730
811225631
811836446
811225243
810189557
810167363
810154906
810151829
810116906
810104571
810046806
810017633
810003715
811224766
811224493
811224443
811224336
811224245
811224203
811224146
811224120
811224089
811224005
811223966
811223958
811223916
811223867
811223859
811223809
811223784
810118457
810115362
810089278
810071952
811223304
811223297
811223106
71209687
811413385
811222728
811222679
811222413
71032108
811222132
71013480
811222009
811221986
811221697
811221613
811836363
811221514
811221225
811221118
811220780
811525552
811220772
811220285
811219668
70517558
811219387
810042359
811219303
810139073
810084096
810019481
810012972
810001785
811219006
811218884
811218404
811218321
811216648
811216440
811216052
811215731
811214832
811214296
71153347
811213248
71132528
811213008
71120201
811212662
811212498
811212357
811212274
811836149
811211119
811349358
811210400
811210070
811209859
811209768
811209750
811209643
811836066
811208653
70980746
811208091
811208083
811207952
811207217
811206954
811206946
70887843
70869187
811203710
811515298
811518755
811203075
811202910
811202887
811202829
811202168
811202118
811200633
811200576
811200237
811199472
70754614
811198888
811198573
811198549
811198333
811198242
811198143
811197583
811196262
811332733
811195363
811195280
811194977
811194688
811194399
811193739
811193507
811193078
811192898
811192822
70607042
70606038
811446609
811192038
811190842
811388976
70560372
811190735
70556863
70538407
811189481
811189332
811189184
70501589
811188780
810190083
810186008
810175845
810173641
810168874
810162694
810162107
810157299
810149668
810149379
810148800
810133364
810130740
810130708
810118952
810116352
810115411
810111443
810106501
810103739
810100040
810096273
810091562
810082884
810078180
810074112
810065731
810062711
810058140
810049511
810038465
810035148
810030594
810029571
810019605
810017815
810013912
810013029
810012485
810011289
810009531
810004656
811188392
811188376
811188029
811187964
811187930
811187534
811187469
811187435
811187229
811186461
811186297
811186255
811186239
811185637
811185554
811185520
811185512
811185398
811185257
811185075
811184944
811184803
811184796
811184572
811184564
811184481
811184473
811184275
811184241
811184118
811183938
811183821
811183730
811183673
811183491
811183368
811183251
811183201
811183152
811183102
811183095
811182906
811182881
811182576
811182328
811182302
811182287
811182005
811181916
811181891
811181825
811181776
811181726
811181635
811181601
811181560
811181479
811181346
811181304
811181271
811181221
811181180
810128282
810106402
810034760
810032714
810018475
810008377
811180942
811180752
811180653
811180455
811180439
811527962
811180190
811180124
811179961
811179739
811179458
811179309
811179185
811179094
811179086
811179044
811178997
811178830
811178343
811297755
811178210
811177452
811177262
811177246
811177155
811834789
811176818
71054918
71049701
811176470
811176446
71021955
811520437
811176074
71003566
811175935
811175646
811175555
811175464
811175406
70961172
70958481
811517111
70954176
70932385
811174838
811174763
70914581
811174739
811174705
811174648
811174490
811174466
811834747
811174391
811174143
70864711
811174086
811174052
811174044
811174028
811173989
811173963
811834739
811834721
811834713
811173658
811173624
811173575
811173533
811173525
811173187
811539173
811172949
811353680
811172775
811172717
811533232
811172709
811172569
70712210
811172254
811172246
811172048
811171959
811171933
811171917
70634058
811171462
811171446
811171412
811171248
811171222
70607999
811171016
811170919
811170878
811170802
811170745
811170638
811170620
811170505
811169996
811169938
811169863
70527960
810191792
810188244
810169145
810148678
810140517
810124925
810076564
810060715
810059205
810047424
810045478
810040874
810040030
810039025
810036196
810017625
810009630
811169251
811169186
811169160
811169136
811168956
811168873
811168857
811168849
811168782
811168758
811168740
811168716
811168683
811168617
811168427
811168394
811168328
811168253
811168229
811168154
811168089
811168063
811168005
811287582
811167924
811167916
811167883
811167875
811167867
811167859
811167817
811167792
811167776
811167693
811167669
811167643
71218643
71165159
71169901
811164946
811164847
811164467
811164384
810134726
810017245
811164128
811834391
810186959
810195611
810051889
810048125
810036732
810095655
811448572
811162023
811161968
811834333
811834250
811834226
811160382
811159856
811159260
810141515
810127812
810079170
810078461
810066309
810064361
810003856
811158535
811158238
811158220
811157743
811157587
811157537
811157420
811157173
71121054
811156927
811156919
811156844
811156810
811156224
811155961
811155242
811154707
811153444
811153098
70655985
811152941
811152884
811152876
811152793
811534842
811152751
811152743
811152694
70631954
811152652
811152644
811152561
811152553
70604922
811152404
811152230
811152181
811152173
811152008
811151927
70521369
811151802
811151795
811151787
70510618
811151638
70507749
810177502
810165078
810161547
810157314
810153859
810148701
810125791
810103838
810100131
810087826
810084848
810081191
810070087
810064874
810057712
810045642
810009549
810005175
811151274
811151240
811151232
811150929
811150812
811150672
811150515
811150432
811150333
811150325
70646536
811150234
811150200
810183137
810093097
810017170
810013615
811149758
811149336
811148867
811148619
811148289
811148255
811147827
811146663
811146332
71159566
811145425
71138895
71135985
71130495
811145110
811834028
811144914
811143536
811143510
811143403
811142819
71038777
71018385
811833898
70982307
811141077
811140938
811140772
70950596
811140251
811139816
70914379
70907372
70891883
811138743
70885573
70879824
811138610
70876841
811138272
811138264
811137381
70834952
811137274
811136854
70806657
70803046
811136317
811136086
811135913
811135533
811135070
811134874
811134337
811134064
70679647
811133545
70650770
811453779
811132399
811132323
811131896
811131664
811131193
811131135
811130749
811130476
811130301
811130252
811129734
811129726
811129073
811129031
811128893
810163113
810158982
810138281
810120072
810109993
810106733
810106436
810105909
810103515
810103375
810065137
810045345
810030982
811128679
811128653
811128562
811128504
811128314
811128059
811127928
811127829
811127720
811574492
811127697
811127671
811127340
811127192
811127184
811127176
70921227
811289306
811126988
811126962
70865912
811126839
811126821
811126805
811126681
811126590
811291731
811126417
811126194
811126095
70564297
811125807
811125295
811124594
811123760
811123752
811542944
811123695
811537218
811833228
811123455
811123281
810144527
810091687
811123158
811123041
811833137
811122845
811122069
811121970
70900319
811121037
810028862
811120865
811120831
811120815
811120691
811120659
810157257
810127573
810105280
811120310
811119397
811118604
811118414
811118365
811530478
811117292
71051374
71041352
811115650
811115296
811114793
70946882
811114438
811114389
811114206
811113901
811113860
811113331
811112911
811112408
811111971
811111723
811110965
70689685
811110618
70678225
811109851
811109653
70603756
811109421
811109405
811109231
811109009
70530805
810191908
810168006
810119017
810051285
810044090
810042515
811107912
811107805
811107350
811107285
811106972
811106831
811106518
811106485
810187840
810181157
810093394
810053950
811102714
811530668
811102318
811102293
811102285
811102243
811431741
811102053
811102011
811101998
811101641
811101633
811101451
811101378
70955377
811101120
811100974
811100883
811100544
811100297
811100247
811100172
70905574
811099789
811099490
811099416
811099333
811539503
811099185
811099052
811098989
811098880
811098822
811098286
811098244
811098153
811098145
70783533
811097634
811097626
811530626
811097519
811097478
811097452
811097379
811097030
811096800
811096149
70643782
811095589
811095498
811358713
811832262
811094911
811094284
811832189
810188509
810179665
810170978
810134792
810119158
810089187
810084749
810046096
810040113
810025214
810007410
811092725
811092684
811092486
811092353
811092212
811092139
70864770
811092014
811091983
811091967
811091933
811091842
810189911
810179425
810176968
810156671
810147448
810129305
810123688
810093146
810080193
810075756
810054453
810051201
810019217
811090852
811090399
811089920
811087990
811087982
71234834
811087677
811087346
811087114
811086661
811086645
811084178
811084087
811083914
811082700
811082346
811081918
811081174
811080556
71038025
811080051
811079814
811079179
811079137
811078444
811078428
811078353
811077694
70962705
70962098
811077412
811077347
811077321
811077082
811077040
70940671
811076290
70923238
811075630
811075523
70913534
70903091
70902621
811074898
811073501
811073494
811831660
811073303
811073270
811072602
811071894
811071795
70826615
70823543
811071696
811071357
811071240
811071084
811070846
811070028
811069675
811069120
811831511
811068776
811068718
811068502
811068396
70747391
811067786
811530519
70733706
811067075
811066887
811066720
811066704
811066697
811491076
70680726
811064542
811064063
70657538
811063651
811063643
811063396
811063338
70640104
811062752
811062679
811061986
811061233
811061118
811060798
811060681
70594048
811060160
70584352
811059999
811059460
70567423
811059238
811338624
70552884
811058462
811057571
811057133
811056771
811055814
811830456
810194754
810193962
810190827
810188161
810179764
810175811
810173013
810170704
810169533
810161191
810161092
810146151
810145038
810142224
810142901
810134487
810132902
810131540
810128844
810117970
810116584
810116550
810114182
810107541
810106288
810106270
810102228
810095001
810094491
810090093
810089757
810087777
810087610
810085341
810082933
810076548
810075300
810073891
810072702
810070277
810067373
810066490
810065864
810065624
810060731
810059156
810058083
810034885
810019431
810006248
810006123
810004284
811055343
811055301
811055252
811313072
811055137
811055070
811054981
811054882
811054452
811053496
811053305
811053298
811053280
811053272
811053149
811052711
811052688
811052638
811052266
811052068
811051309
811051094
811051086
811051078
811050880
811050781
811050525
811050244
811050195
811050038
811049916
811049883
811049817
811049726
811049635
811830349
71041972
811049362
811049247
811049156
811049148
811048934
811048710
811048611
811048546
811048512
811048463
811048455
811048356
811048140
811047704
811047598
811047530
811047465
811047415
811830216
811830191
811047001
811046946
811046904
70705370
811046615
811046459
811046425
811046384
811046277
811046269
811046095
811046061
811045998
811045956
810138497
810114778
810038788
811045849
811044643
811043728
811043041
71133540
71073505
71062562
811041673
811041227
70985225
811041037
811040972
70950030
811040724
811040659
811040386
70914328
811040336
70908379
70904470
70899280
70894262
811040097
811039777
70835363
811039173
811039024
811038977
811038886
811038852
70794179
70793741
811038753
811038711
811038620
811038381
811038290
811038191
70738430
811038117
811038092
70721368
811037945
811037929
811037911
811037680
811037599
811037507
811830050
811037101
70649837
811036575
811036393
70602199
811036301
811036294
70592789
811036004
811035957
70563681
811830000
70549360
811035600
811035452
811035329
811035246
810147141
810147117
810092114
810094558
810090754
810030669
811034876
811034389
811034339
811034008
811033985
811033977
811033969
811033860
811033654
811295337
811033513
70802198
811320910
811829847
811033323
811033307
811033290
811033282
811033258
811033191
811033183
811033159
811033109
811033092
70988682
70959739
811031947
811031484
70604639
811030501
811030387
811030379
811030270
811030121
811030098
811030080
811030006
811029992
70540398
810183088
810040816
810035750
810011370
810002014
811029794
811029702
71328341
811029356
811029158
811029124
71210634
71204391
811028754
811028473
811027649
811027631
71002292
70968398
811829657
811027053
811027037
811026790
811026451
811026047
811026013
811025958
811025560
811025528
811025411
811025172
70654628
70652021
811024827
811024413
811024257
810146680
810144907
810141474
810126129
810073677
810011916
811023564
811023514
811023209
810160515
810012815
811022855
811022607
811022037
811020859
71124576
811020784
811020544
811020411
811020403
71052273
71051234
811020304
71042413
71015904
811020156
811020148
71008371
811019969
811019761
70974126
811019729
70968924
811019620
811019571
811019555
811019505
811019290
70924668
70922215
811018838
70897202
70893347
70892200
70889730
70886871
811018375
811018325
70867478
70867443
70866307
811018094
70827875
811017963
811017955
811017905
811017864
811017806
70806703
811017757
70800926
70798662
70795272
811017690
70781034
811017286
811016965
811016923
811016824
811016791
811016783
70667878
811016543
811016452
811016436
811016353
811016220
811016064
811016006
70571943
811402817
811015884
70562731
811840009
811015694
811015660
811015636
811015595
811015321
811015230
810189846
810169393
810124305
810117011
810071332
811014498
811014414
811014258
811014224
811014216
811014183
811014175
811014167
811014159
811014141
70793148
811014125
811014068
811014050
811014042
811014000
810182775
810162628
810138314
810126484
810062183
811013804
811013127
71339769
811012864
71323250
811012541
71243753
811009770
811009605
811009522
811009457
811007576
71159175
811006528
811005843
811005562
811005364
811004770
811004291
811352210
811003079
811002964
811525669
811002443
811002089
71049256
71046737
811001750
811001693
811000645
811000554
71014517
811000356
71011615
810999782
810999055
810999047
810998502
810997372
810997299
70933780
70929651
810996762
811545774
810995897
811539206
70880652
810994849
810994550
70864843
810994261
810993700
810992900
810992687
810992538
811349283
810992299
70820765
811828790
810992091
70817632
811828782
810991796
810991712
70783355
70782677
810989840
810989816
810988652
810988462
810988321
810987745
810987703
810986490
810985773
811828394
810985575
810985111
810985054
810984741
810984642
70657597
810984064
810984014
70654830
810983933
810983884
810983850
810983793
810983652
810983496
810983462
810983206
810982323
810982042
810981961
810981648
811828112
810981581
70597225
811828047
70579340
810980442
70571870
70554461
810979263
70541009
70531623
810977952
70498995
810976855
810976384
810179061
810176687
810172982
810168551
810153172
810120288
810118910
810096398
810089971
810073263
810055302
810048802
810046658
810043886
810043521
810043365
810042672
810033283
810021585
810020610
810011198
810009424
810004979
810976061
810975782
810975683
810975229
810975162
810975104
810974130
810973893
810973835
810973687
810973489
810973314
810973231
810973017
810972936
810972770
810972332
810972259
810972118
810972035
810971988
810971798
810971748
810971607
810971392
810971350
70979012
810971318
810971152
810971110
810970865
810970782
810970534
810970469
810970386
810970211
810969941
810969925
810969636
810969389
810969272
810969181
810968977
70608618
810968894
810968737
810968696
810968563
810968539
810968430
810017758
810005084
810967523
71047237
810966674
810966442
810966377
70975815
810965709
810965577
70870134
810965262
811375923
70815583
810965147
810965014
811272682
70779137
810964933
810964652
70718413
810964371
70673622
70662442
810964206
70643529
70628953
810963836
70570483
810963208
810176695
810025909
810962482
810962466
810962424
810962416
810962292
810962226
810962193
810962177
810180167
810162743
810159857
810159328
810125808
810072273
810070673
810065153
810063686
810962002
810959851
810958358
810957988
810955693
810950974
811341768
810949844
810949711
810949703
71164985
810949167
810948888
71152669
810947872
810947468
810946783
810946478
811827239
810942369
810941965
71064042
810940462
810938912
810937146
71017273
71007049
810935786
810935702
810935679
810935562
810934936
810934431
811516098
810933392
810933045
70974029
811533828
810932485
810931883
70949334
810930398
70933004
810929581
810929276
811270420
811532648
70919087
811543835
810928004
811826447
810927840
810927238
810926868
810926496
811342112
810925836
810925521
810924771
810924375
810923616
810923608
810923145
810923137
810923012
811533472
810922858
70860236
810922246
810921181
810920894
810920521
810920274
810920232
810919681
810919079
70822865
810917114
810916819
810915283
810914566
810914269
810912536
810912205
811825358
811825340
810910233
811541326
810909723
70748134
810908626
70740346
810908072
811532721
811825134
810906521
810906498
810906381
810906274
811292268
810906141
70717573
811528902
810903543
811824946
811824938
810903197
810902769
811514852
810902123
811541475
810901696
810901688
810901018
810899990
811528978
810899841
70676109
810899784
810899742
70673657
810899528
811355438
810898877
810897952
810897556
70655233
810897209
810897043
810896699
810896475
810896433
810896376
810896293
810895683
70642131
810895518
70639092
810895055
810895047
810894700
810894388
810894172
810894156
810893265
810893223
810892952
811824087
810891938
810891847
70612348
810891780
810891524
810891194
810890980
810890964
810890906
810890667
811823790
810889389
810888943
810888844
810888422
810888183
810887937
810887929
810887854
810887250
810887193
70579642
810887101
811297466
810886434
70571463
70568888
810885824
810885387
810885254
811548182
810884842
810884587
810884389
811823419
810884264
810884008
810883886
810883662
70546825
810883092
810883042
811532888
810882953
810882903
810882862
70543222
810882755
811537078
810882276
810882060
810881921
810881658
810881616
810881533
810880759
70525828
811822916
810880634
810880238
810880048
810879778
810879645
810879504
70515377
810878788
70510863
811822453
810876922
811538232
810876675
70494868
810196023
810195934
810194332
810194340
810194613
810194457
810193342
810191560
810191263
810190637
810188591
810184747
810184763
810183731
810183591
810182569
810182171
810179152
810178279
810178196
810177841
810177685
810174194
810173211
810172932
810170118
810169252
810167884
810163410
810163238
810162579
810161274
810163014
810159899
810161860
810159386
810157562
810154485
810151382
810150566
810144650
810143967
810142745
810142662
810140715
810140434
810139320
810137829
810134362
810133596
810132689
810132803
810132465
810131714
810129488
810126947
810125486
810123901
810122391
810119413
810117540
810114992
810114900
810113861
810113134
810113879
810112582
810112871
810108135
810108309
810106527
810105842
810104480
810103911
810103432
810102145
810102856
810102773
810101410
810101717
810100248
810098170
810095035
810093584
810092081
810091843
810091207
810088155
810088999
810088486
810085581
810083402
810079261
810079633
810078536
810078057
810076613
810076697
810076910
810076093
810076176
810075392
810074782
810074518
810074170
810072728
810069973
810068719
810068743
810067365
810063743
810063800
810062539
810062216
810060046
810059940
810058877
810058744
810058067
810057069
810053249
810052887
810054502
810051590
810051508
810050360
810049579
810050089
810049066
810048448
810047044
810047101
810046715
810046781
810046559
810045981
810045410
810042557
810041773
810039992
810040212
810038689
810037889
810033639
810031609
810030726
810029472
810028820
810034140
810029034
810028333
810027228
810025470
810024159
810023854
810018839
810015398
810014366
810010687
810009341
810008195
810005620
810003468
810002890
810000844
810875700
810875396
810875338
810875289
810875156
810875057
810874637
810874629
810874611
810874182
810874025
810873986
810873720
810873704
810873499
810873415
810873374
810871922
810871667
810871592
810871344
810871021
810870734
810870320
810869117
810868747
810868705
810868531
810868185
810868151
810867715
810867301
810867286
810867244
810866585
810866296
810866246
810865587
810865321
810864307
810864216
810863648
810863094
810862799
810862674
810862658
810862434
810861460
810861014
810860264
810860165
810860032
810859944
810859853
810859770
810859613
810859366
810859126
810858863
810858764
810858590
810858524
810858079
810857964
71244180
810857774
810857576
810857237
810857055
810856883
810856651
810856114
810855819
810855447
810855299
810854605
810853988
810853748
810853243
810853186
811822148
810852055
810851693
810851411
71188892
810850752
810850562
810850398
810850009
810849961
810849862
810849846
810849820
810849672
810849341
810849268
810849036
810848880
810848624
810848418
810848038
810847923
810847626
810847585
810847072
810847030
810846983
810846751
810846397
810846298
810845951
810845737
810845688
810845662
810845167
810844820
810844482
810844218
810844086
810843822
810843400
810843351
810843294
810843004
810842874
810842668
810842444
810842139
810841967
810841454
810841280
810841024
810840886
810840662
810840571
810840422
810840224
810840141
810839839
810839722
810839657
810838790
810838716
810838617
810838310
810838295
810838112
810838013
810837982
810837966
810837958
810837768
71047644
810837685
810837635
810837594
810837403
810836918
810836439
810836132
810835910
810835879
810835788
810835522
810835241
810835233
810835192
810834582
810834342
810834003
810833831
810833592
810833584
810833352
810833336
810833039
810832784
810832726
810832461
810832453
810832437
810832297
810832239
810832213
810831752
810831645
810831629
810831174
810830986
810830803
810830754
810830746
810830720
810830176
810829989
810829939
810829822
70971003
810829351
810829252
810829236
810829210
810829070
810828973
810828816
810828486
810828410
810828022
810827959
810827800
810827793
810827777
810827735
810827420
810827280
810826919
810826901
810826878
810826828
810825622
810825101
810824905
810824898
810824880
70935651
810824525
810824468
810824377
810824319
810824252
810824210
810824103
810824046
810823840
810823692
810823626
810823569
810823238
810823155
810823147
810823072
810823056
810822941
810822884
810822644
810822610
810822587
810822503
810822438
810822389
810822371
810822272
810822181
810822008
810821969
810821860
810821795
810821638
810821513
810821117
810821068
810820979
810820888
70893398
810820680
810820672
810820622
810820523
810820466
810820458
810820200
810820177
810820143
810820094
810820044
810819914
810819899
810819782
810819675
810819625
810819526
810819451
810819261
810819154
810818990
810818916
810818908
810818594
810818578
810818544
810818411
810818213
810818023
810818015
810817877
810817679
810817455
810817421
810817314
810817281
810817174
810817116
810817033
810816754
811822031
70842696
810816259
810816233
810816225
810816184
810816093
810815756
810815730
810815607
810815566
810815003
810814790
810814782
811282011
810814584
810814485
810814477
810814443
810814360
810814295
810814287
810814138
810814104
810814097
810814021
810814013
810813958
810813619
810813544
810813510
810813239
810813205
810812942
810812075
810811845
810811283
810811043
810810871
810810780
810810681
810810558
810810475
810810285
810810128
810810095
810809915
810809733
810809543
810809519
810809395
70752360
810809303
70751070
810809220
810809155
810809139
810809006
810808933
810808412
810808347
810808206
810808090
810808066
70734664
810807943
810807901
810807729
810807547
810807208
810807092
810806698
810806648
810806458
810806200
810805880
810805848
810805773
810805690
810805658
810805351
810805236
810805038
810804808
70688646
810804593
810804551
810804543
810804337
810803917
810803785
810803660
810803628
70677385
810803355
810803222
810803199
70665980
810803149
810802935
810802901
810802886
810802852
810802761
810802703
810802696
810802646
810802612
810802604
810802589
810802555
810802208
810802092
810802076
810802050
810802026
810802018
810801929
810801870
810801648
810801614
810801581
810801515
810801490
810801466
810801440
810801424
810801333
810801325
810801292
810801284
810801250
810801078
810800715
810800658
810800624
810800541
70626608
70621479
810800319
810800210
810800020
810799926
810799918
810799877
810799819
810799760
810799702
810799611
810799504
810799140
810798994
810798621
810798522
810798514
810798499
810798431
810798415
810798217
810798209
810798150
810798126
810798100
810798077
810798035
810797996
810797863
810797780
810797722
810797574
810797558
810797467
811821851
810797293
810797285
810797227
810797178
70573407
810796930
810796857
810796807
810796782
810796774
810796675
810796584
810796526
810796518
810796469
810796336
810796328
810796261
810796237
810796229
810796211
810796196
810796146
810795940
810795916
810795742
810795643
810795635
811821801
810795403
810795388
810795370
810795320
70543028
810795172
810795164
810795148
810795065
810794992
810794934
810794918
810794786
810794629
810794497
810794463
70530279
810794364
811821778
810794249
810794190
810794182
70527243
810794091
810793944
810793887
810793879
810793712
810793704
810793697
810793564
810793556
810793522
810793514
810793449
810793316
810793142
810793093
70508508
810793069
810793027
810792988
810792912
811821710
811821695
810792574
810792566
811821679
810792136
811821645
810792053
810792037
810791930
810791922
810791906
811821570
810182353
810181298
810180836
810157190
810156598
810106444
810105173
810065294
810039851
810039455
810791138
810790940
71328155
71319911
71304124
810790065
71211304
810788929
71120554
810787351
810787004
810786816
810786650
810785834
71026566
71009025
810785446
71005542
70996715
70991519
70982501
70976943
810784894
811322057
810784159
810783961
810783937
810783789
810783648
810783630
810783325
810783317
810782591
810782559
810782476
810782450
70826356
70810204
70778416
810781098
811533638
810781056
810780769
810780595
70719045
810780462
810780264
810780230
810780173
810779689
810779621
810779548
810779530
810778847
70595540
810778772
810778441
810778334
70573369
810778243
810778045
810777930
810777336
810777279
810777261
70492024
810152017
810122698
810097792
810088014
810074691
810073859
810070293
810036451
810033481
810030396
810776586
810776437
810776122
810776023
810776015
71171655
810775512
810775447
810775322
810775223
810775166
810775075
810774978
811469271
810774803
70578255
810774465
810195356
810061193
810001579
810773300
810772740
810771718
810771453
810770273
71167216
810769474
810769440
810769177
71130223
71128113
71126293
811542994
810768179
810768062
71086178
811539157
71050408
810766834
810766727
71034542
810766446
810765969
810765696
810765612
810765448
70977443
811526500
810765167
810764896
811821067
810764440
70945703
70934175
810763608
811545948
70883910
810762759
810762741
70861607
811406041
70850265
810761438
810761355
810761115
70825279
70816423
810760133
70788721
70778343
810759665
70775573
811820910
810759508
810759277
810758849
810758667
810758485
810758328
810758021
810757875
810757429
70675439
810756900
810756364
810756273
810756231
810755647
810754631
810754251
811820506
811526659
70519968
810752065
70494124
810195075
810193243
810186636
810186206
810167214
810160523
810160549
810139221
810134453
810131855
810131045
810125676
810112433
810108523
810098724
810097081
810089153
810071845
810032300
810030198
810011528
810011362
810008666
810751538
810751281
810751108
810751017
810750910
810750796
810750689
810750530
810750431
810750241
810750126
810749806
810749723
810749129
810749004
810748999
810748791
810748759
810748741
810748634
810748551
810748410
810748337
810748212
810748189
810748048
810747884
71055345
810747644
810747511
810747496
810747420
810747347
810747131
810747082
810747058
810747040
810746927
810746802
810746779
810746638
70900971
810746589
810746513
810746498
70868857
810746240
810746224
810746159
810746050
810745945
810745896
810745854
810745789
810745698
810745606
810745515
810745474
810111021
810743725
810742008
71017699
71004112
810740846
810740771
810740515
810740325
810739071
810738867
810738833
810738718
810738700
810738502
810738297
70732386
810736978
810736788
810736704
810736671
810736598
810736499
810736449
810736415
810736407
810736267
810736085
810735970
810735839
811359662
810735467
810735368
810735178
70496674
810116625
810067696
810044115
810734138
810734039
810733958
810733685
810733453
811492206
810733271
810733221
810733213
810733180
810733148
810732017
811528308
810730847
70694549
810729577
810729353
810729022
810728975
810728470
810728339
810728040
810727886
810727688
810727373
810727191
810726614
810726341
810726292
810726101
810726078
810725880
810725822
810159998
810052796
810194647
810193912
810121822
810105272
810071556
810007246
810725228
810725046
810724733
810724600
810724535
810724486
810724460
810724345
810722795
810722480
810722422
810722331
71072371
810722117
810721812
810721789
71036294
810721549
810721466
811546847
70993503
810720616
810720418
810720111
70923807
811531997
70901722
70891530
810719255
810719164
810718934
811819559
810718645
810718504
810717879
810717720
811531939
810716780
810716491
70686848
810716201
70644525
810715625
810715609
810715138
810714825
810714271
811819377
811819351
70502143
810713497
810713489
810186256
810161935
810160838
810146929
810144999
810134594
810134479
810117350
810114091
810098568
810097776
810097768
810095168
810083204
810073669
810050857
810049032
810040858
810035528
810022377
810020363
810015059
810009119
810713231
810713215
810713166
810713091
810712952
810712944
810712788
810712639
810712605
810712564
810712473
810712407
810712374
810712324
810712233
810712150
810712035
810711938
810711920
810711855
810711813
810711764
810711681
810711631
811819294
811819278
810711475
810711467
810711350
810711326
810711227
810710922
810710899
810710849
810710815
810710667
70697815
810710419
810710344
810710295
811819187
810709892
810709800
810709719
810709652
810709610
810709454
810709355
810709248
810709214
811819096
70328546
810708779
810708703
810708555
810708323
810707804
810707739
810707606
70081536
810707391
810707383
810707292
810707135
70121985
810706997
810706947
811818866
810706757
810706426
810706385
810706335
811818577
810705759
811818460
810705668
80466978
811818353
810705444
811818337
811818311
810705428
811818270
811818254
811818220
811818155
811818080
811818064
811818048
80389892
811817975
811817941
811817868
811817694
811817561
811817488
811817438
811817420
811817389
811817371
810704991
811817339
811817305
811817264
811817032
810704800
810704777
80290217
811816919
811816828
811816670
810704602
811816654
811816646
80266375
811816448
811816406
811816349
811816331
810704355
810704313
811816159
80219172
810703860
80219652
810703696
70207107
811815789
811380435
810700915
810700501
70708612
810138752
810699522
810699407
810699324
810699150
810699142
811815490
810699069
810698946
811815185
80461119
810697435
810697419
810697401
810697394
811813973
811813965
810697170
811813783
810696651
811813684
811813634
810696453
811813410
810696221
811813147
811813139
811812876
811812511
811812496
810695984
811812420
811812412
810695421
810695398
810694928
70459523
810694374
810693813
810693334
811293969
810692378
810692253
70046706
810691875
810691734
810691544
810691122
810690760
810690695
810690463
811840661
70042954
810689309
810689200
810689177
70001667
811534800
810687535
810687460
810687402
810687246
810687064
811811266
811543463
80459823
811810846
810686222
811810713
811810630
811810565
811810523
810686082
811297101
811810440
810685935
80408919
811810185
810685844
811810028
810685662
810685638
810685620
811809708
811809691
811809683
811809625
811809609
811809568
811809550
811809534
810685399
811809310
80202164
811808958
811808693
810684078
811808271
810683864
811808198
810683525
811807984
811807934
811807926
811807885
811807877
810682973
810682874
811807611
810682832
811807554
70464734
810682519
810682387
810680703
810680399
810680365
810680307
811325283
70413799
810678443
810677859
810677635
70009558
810677057
810676695
80641613
810676249
810676124
810676091
810675978
810675928
810675895
811806457
810675465
810675382
811806069
810674988
811805904
810674970
810674954
810674251
811804972
811804922
811804831
811804790
810673922
811804401
811804237
811804188
811804120
811804013
810672718
810672552
811803073
810672106
811802752
810671679
811329805
810671364
811802041
810670879
810670697
811840380
810670168
810669806
810669765
811801879
810669062
811801811
810668519
810667412
810667298
70233543
810666761
810666612
810666505
810666167
810665862
810665630
810665490
811838541
810665383
810665177
810664830
810664400
810663600
810663361
810662983
810662800
810662545
810662115
810661729
810661571
810661175
810660804
811800558
810660474
810660086
810660010
810659956
810659740
70320306
811343003
810659071
810658891
810658718
810658685
810658544
810658073
810657900
810657760
811800011
810657702
810657687
810657645
810657265
810656994
70153941
810656879
810656829
810656689
70147533
810656374
810656366
70125718
810655897
810655615
810654948
810654675
810654485
811529877
70203905
810653487
810652497
810652421
810652281
810652166
810651621
810649303
810649254
810648561
811797557
810647703
810647696
811796913
811796418
810647076
810646648
811522417
810646440
811794868
80420145
811341099
810645997
811794032
810645707
811794024
811793901
811793696
811793654
811793646
810645442
811793513
811793498
810645434
811792846
810645020
811792549
810644783
811792474
810644733
811792250
811792200
810644519
811791757
811791658
811791632
811791616
810644303
810644197
80211198
811789421
811788762
811788663
811788572
811788390
811788259
810641317
811787821
810640822
811842609
811787318
80032536
811787045
811786906
810639867
810639768
810639693
810639453
810637671
810637598
810637564
810637506
810637168
811785388
70321321
810636649
810636516
810636368
70256987
810636277
810636243
70314911
810636079
810636045
810635948
810635906
810635526
810635485
70033585
810635295
810635047
810634990
810634891
810634867
810634825
70058873
811785172
810634643
70058247
810634479
70075807
70059004
810634049
810634031
70255282
810633885
810633843
70047903
810633687
70027124
810633637
810633372
810633322
810633116
810633083
810633033
810632902
70148525
70466540
810632671
811839549
811785114
810632275
70242468
810632077
810631970
811785073
810631508
811785031
810631326
811338517
810631144
810630899
70159438
70099329
811535402
810629850
810629826
810629793
811784851
810629248
810629181
811784736
811784702
80416806
811784687
810629090
80402589
80402813
810629040
811566829
810629008
811784596
811784588
810628993
811784546
810628919
811346677
80385072
80353901
80331363
811784380
80319240
811568081
811784306
80052294
811784223
810628498
811784190
810628399
810628282
810628266
810627987
810627820
810627804
810627698
810627656
810627242
810627036
810626856
810626822
811783879
810626559
810626541
811783704
810626426
811783580
810626335
811783390
810626278
810626228
811783316
810626111
80596901
811783192
810626062
810626038
810625915
810624719
810624610
810624587
810624579
810624537
810624339
70232217
810624082
810623852
810623844
810623787
810623539
810623315
810623274
810623000
810622896
810622771
810622440
810622359
810622341
811782483
810622325
811782243
810622052
811782045
811781972
810621905
810621864
810621856
811781071
810621369
811780966
811780958
810621319
811780867
811780750
810620965
811780403
810620676
810620650
810620494
810620452
811780362
810620410
810620311
810619885
810619661
810619413
810619398
810619231
810619215
810619075
810619067
810618770
810618621
810618366
810618051
810617962
810617764
810617730
810617722
810617657
810617152
810617136
811779985
810616782
810616716
810616683
810616675
811779943
810616659
80606427
810616617
810616609
811779919
810616534
811521542
811779802
811779787
810616245
810616203
810616196
810616188
80464967
811779737
810616154
811779729
810616138
811779670
811779654
811779589
811779555
811779505
810615982
811779464
811779448
811779422
811779414
811779406
811779399
811779381
811779373
80423047
811779315
811779290
811779282
811779274
811779258
811779232
811779224
811779208
811779167
811779159
811779141
811779133
811779109
811779092
811779084
811779068
811779050
811779034
811779026
811779018
811778987
811778945
811778911
811778870
811778862
811778854
811778812
810615859
811778763
811446592
811778713
811778599
811778490
810615718
811778466
811778458
811778440
811778408
810615693
811778391
811778383
810615669
811778317
811778292
80254318
811778250
811778193
811778143
810615502
811777955
811777921
811777898
811474345
811777658
811777533
811777377
810615346
810615320
810615304
811777301
810615271
811777195
80157622
811776973
810614497
811776486
811776452
810614447
810614380
811776270
811776246
810614257
811776220
811776204
811776171
810614190
811776121
811776113
811776105
811776098
811776080
811776056
811776030
811776022
811776014
80039905
811775991
811775983
811775967
811775959
811775941
811775933
811775925
811775917
811775892
810614059
811775868
80047835
810614025
811775834
811775826
811775818
810613986
811775800
811775793
811775785
810613944
810613514
810613457
70474143
810613340
810612970
70455676
810612764
810612607
810612178
810612144
810611328
810611261
811775339
810610916
810609696
810609448
810609117
70288632
810609042
811774761
810608359
810607971
810607963
810607872
810607864
810607533
810607434
810607369
810607111
810606618
70194727
810605884
810605868
811452391
810605298
810605280
70322150
810604878
810604696
810604688
810603325
811774084
810602913
810602731
810602632
810602476
810602020
811773797
810600628
811773656
70327463
70408095
810599699
810599590
810599342
810598807
810598732
810598245
810598237
810598229
810598162
810597859
810597677
70127820
810597106
810596942
810596885
811282863
810596364
810595803
811773127
810595697
810595374
810595077
810594920
810594722
811284629
810594459
810594368
810593980
810593873
810593790
810593435
810593154
810593120
810593071
810592867
810592841
810592643
810592461
70012895
810592065
810591322
810590598
810590514
810590499
810589640
811771767
810589509
811771634
810589153
811546623
810588147
810587941
810587834
811770925
811770917
810587173
810586860
810586331
811841289
811770090
810585424
810585375
811769556
810585250
811769390
811769358
811379967
811769069
810584723
810584624
811768409
811768136
811768102
811768053
811768011
811767922
811767831
810583626
810583543
810583486
80319045
811766693
811766510
811766453
810583113
811766247
811766180
811765679
810582652
80293747
810582454
811764499
811764332
811764267
810581266
811763607
811763574
811329483
80270852
811763417
810580044
811762998
811293620
811762782
811762154
811762120
810578338
810577984
810577934
810577710
811761502
810576233
810576051
811760603
811760489
810575293
810575243
810575061
80162251
80123337
80082835
810573479
810573239
810573156
811759482
811843657
810572629
810572611
811759391
810572570
811759341
811759333
811759268
811759143
811301051
80003285
811759127
811759119
810571978
811759028
811307695
810166323
810159659
810136582
810122367
810067141
810061474
810057803
810041814
810571390
810569882
810569428
810569311
810569030
810567985
811334424
811268813
810567703
810567117
810567042
810567000
810566961
811520221
810566458
71084809
810565369
810565054
810565020
811520916
71017982
810564204
810564014
810564006
810563868
811524497
810563206
810563123
70953099
810562662
811544859
810562604
70929295
810562513
810561937
810561705
810561507
810561268
810560947
811758682
810560583
811758666
810559841
810559817
70817845
810559065
810559057
810557621
810557564
811758476
810557382
70725037
70720272
811520031
810556730
810556524
810556516
810555956
810554966
810554940
70617471
810554213
810553851
810553190
70549115
70546000
70542765
810552374
810552027
810551988
810551962
810195736
810180224
810167199
810167529
810156390
810151861
810139594
810134974
810118019
810114033
810108995
810089997
810087561
810085961
810062472
810034372
810029175
810029042
810021692
810020793
810551508
810551425
810551417
810551243
810551194
810551186
810551095
810551079
810550633
810550584
810550576
810550310
810550253
810550154
810550097
810549991
810549909
810549876
810549701
810549686
810549660
810549644
810549511
810549470
810549446
810549157
810549123
810549008
810548969
810548927
810548901
810548860
810548753
810548745
810548638
810548513
810548464
810548456
810548357
810548282
810548159
70485845
810547896
810547854
810547838
810547664
811757915
810547391
810547317
810547078
810546864
810545907
811757775
811757759
810545642
811757725
811757692
810545189
810544743
810544678
810544454
811757535
810544131
810543620
810543430
810543422
810543365
810543125
810542929
810542672
810542599
70362771
811757311
810542359
811757288
810542284
810542060
810541898
810541715
810541674
810541351
811757056
810541103
811756941
810540890
810540840
810540668
811384677
810540288
810540014
70475958
810539661
810539588
811756678
810539257
810539132
810538803
811756595
810538663
810538241
810538217
811756420
810537433
810537194
810537186
810537079
810536675
810536328
810535958
810535718
810535685
811756149
70452036
810535148
810535099
810535023
810534611
811841635
810533879
810533829
810533340
810533093
70441582
811755513
810532425
810532417
70436128
810532152
70433459
810530974
810530685
810530479
810530247
810530221
810530130
810529860
810529670
810528870
810528854
810528565
810528292
810528086
810527856
810527468
810527385
810527327
810526858
810526767
70403533
811754672
810526410
810526395
810526147
811754573
810525652
810525602
810525008
810524737
811754466
810524638
810524480
810524399
810523341
810523052
810522690
70375782
810521832
810521585
810521262
810521197
810520850
811753905
70362881
810520115
70339827
810519457
810519019
810518912
811753450
810518095
810517930
810517625
811538084
810516940
810516841
810516685
811753260
810516106
810515702
810515512
810515380
810515223
810514928
810514621
810514605
810514358
810514291
810514150
810513277
810512740
810512245
810511784
811752303
811838830
810510281
810510231
810510190
810510166
811844499
810509953
810509870
810509557
811752006
811751933
810509250
810509242
811751842
810509185
811751751
811515123
810508640
810508301
811751545
810507957
810507907
810507410
811751363
811751355
810507337
811751339
810506595
811751230
810506363
810506347
810506298
810505993
810505787
810505597
811751074
811751066
810505365
810505323
70251909
810505042
810504755
810504672
811750951
810504458
810504383
810504341
810503898
810503856
810503624
810503541
810503434
810503377
810503351
810503327
810503319
811750729
811750688
811750670
810502949
810502915
70220422
810502808
810502684
811750464
810502121
810502105
810502056
810502030
811750373
810501777
811537151
811328063
811750349
810501454
810501339
810501256
810501165
810500852
810500662
810500638
810500604
810500589
70197066
810500456
810500448
811750000
810500125
810500068
810500050
811749889
810499906
810499873
811749821
810499691
70175642
811749805
810499526
810499451
811749756
810499261
810499138
811749722
810499120
811749508
810497942
810497281
810496978
810496647
810496481
810496340
811749277
810496118
811843459
810495855
70134651
810495350
810494716
810494279
810494229
811748914
810493982
811748724
810493487
810493346
810493320
810493164
810492984
811532820
810492710
810492075
810491928
811748328
810491605
810491556
810491150
811748196
70106026
810491019
810490722
810490590
810490368
810490186
810489957
810489767
810489692
811747867
810489220
811747841
70092525
810489048
810488826
810488371
810487505
811747429
70029791
810486614
810486466
810485806
811747114
810485286
811747023
811363796
70025705
811846403
70032464
810484478
810484254
810484022
810483967
810483941
811746687
810483719
70020650
811746645
810483298
811838591
811746463
810482729
811746372
810482703
810481896
810481648
810481622
810481557
810481119
810481044
810481010
811745994
810480955
810480731
811745697
811745564
811519844
811745423
811745366
811745340
811745225
810480161
811744730
811744615
811843871
810478679
810478439
810478265
811744110
811744045
811743980
811743964
810477762
811743881
810477481
810477374
811743691
810477150
811840447
811743138
811743071
811742958
810475849
811742859
810475758
811742809
810475576
811742601
811742461
811742370
810474859
811742172
810474635
811536187
811742065
810474346
810474271
811741405
811741364
811741166
811740986
810472639
811740910
811740803
811740291
811740275
810471681
811740209
811739690
811739434
811739400
810470568
810470352
811739252
810470203
810470188
811738733
811738527
811738296
811738155
810469082
810468589
811737016
810468414
811736729
811736654
810468282
811735771
811735565
810467680
810467599
811734898
811540659
811734335
811733931
811733791
810467028
811733501
810466963
810466814
811732793
811732769
811732537
811732272
810466327
811731795
810466020
810465444
811727439
811727207
811726283
810464305
811725144
811724964
811724609
810463042
811723916
811723437
810462424
810462408
811721423
811721069
811720889
810460733
80303114
810460676
811719874
811719064
811719048
811718850
811718834
811718389
811718272
811718082
811718016
811717943
811502740
811717810
811717232
811716846
811716515
811716383
811715640
80248822
810457623
811714866
810456782
810456774
811713230
810456021
810455867
810455859
811520370
80240651
810455065
811711549
810454900
810454215
811710385
811710145
810452912
811709578
810452376
811843954
811708760
810451328
811708158
810450370
811707902
811707605
810450099
811707283
811707241
811707035
810449430
811706855
811328394
810449266
80098715
811706186
810448507
811705691
811705633
811705592
811705576
810447658
811705261
811704560
811704354
811703918
80077734
810445941
811703819
810445884
810445868
811501263
811703562
811703546
811703463
810445446
810445404
811703223
811703124
810444828
811702788
80031165
810444430
810444331
80046243
810444224
811702217
811702126
811846742
810443846
811702019
811701962
810443606
810443490
80014856
810443218
810443101
810441577
810441189
810441171
810440652
810440644
810440173
70367075
70363581
810439100
810439035
810438920
70288207
70138843
70262003
810438152
810437873
810437568
810437469
810437211
810437154
811701110
810436883
810436817
810436685
810436635
810436271
810436057
810435760
810435653
811700865
810435207
810435059
810434853
810434499
810434267
811700633
810434035
80577770
810433128
811700005
811699795
811699737
810432641
811699638
810432550
811699547
810432477
811699472
811699456
811699290
811699266
810432360
810432295
811699092
810432261
810432253
810432245
811699042
811699034
811484906
811699000
811698937
811698763
810432196
811698721
80369557
811698622
811698432
810431974
810431966
810431932
811698002
811697997
811697955
811697939
810431669
811697418
811697202
811697195
810431536
811697096
810431453
811696999
811696832
811696824
811696733
811696345
811695967
811695842
811695636
811695529
811695412
810430067
811695090
810429408
811694985
811694919
810429292
811694729
811694662
811694654
80051123
811694589
811694571
811694547
811694456
811694365
811694349
810428202
810428145
80039735
811694125
811694000
811693995
80040679
811693888
810427543
811693846
810427428
80040008
810427395
811292680
810426743
810426454
70182310
810425357
810425183
810424838
70463518
810424432
810424276
810424177
70441635
810423799
810423616
70422546
810423244
70395150
811693010
70387319
810420901
810420688
810419392
811692541
810418237
70264742
810417875
810417651
810417601
810417594
810417312
810416794
70036895
810416091
810415861
810415324
810415035
810414889
70128774
810414764
810414334
811844746
810414194
810413609
810413154
70005859
810412958
811280669
810412502
810412495
811691121
811690868
811690842
811690818
810410259
810409971
80600844
810408080
810407462
810407321
80450044
811688433
811688227
811688219
810406604
811688053
80405464
811688011
811687998
80391706
810406349
811687659
810406141
80345542
811686750
810405523
811686685
811686510
811686487
80287836
811559452
811685968
80254504
811685801
80269765
810404913
811685405
811685273
810404541
810404434
810404294
80238622
810403238
811684027
811683756
80212968
811683467
810401430
80115288
811682451
811682435
810400234
810400036
811682261
810399700
811681958
811681841
811681750
80056966
80057628
811681536
811681495
811681429
810398033
810397879
810397853
810397720
810397697
811681263
811681198
810397390
811681148
811681130
810397308
70208414
810395708
810395401
810395112
810394841
810394792
811680976
811680942
810394536
810394362
811680934
810394015
810393835
810393520
810393223
810393132
810393124
810393083
811680603
810391954
811680413
811680314
811680306
811331868
810390964
810390873
810390831
811679820
80406134
811679680
811679531
811679523
810390469
811679432
811679375
811679242
811679234
810390203
811679086
811679044
811678939
811678864
811678799
811678781
810389925
811678731
811678567
810389743
811678385
811678343
810389363
810389264
811677915
811677866
811677816
810387995
811677436
810387911
811677296
811677189
811677155
810386674
810386525
810386468
811279597
810386111
70167561
810385858
810385676
810385452
811484443
810385105
811676834
810385014
811676743
810384777
811676496
810384131
811675646
810383133
811674474
810382903
811845372
810382606
810382523
810382490
810381822
810381814
810381541
810381377
810381161
811845009
810380436
70483053
810379661
70323286
810379588
810379372
810378986
810378978
810378910
70464859
810377219
810377053
810376469
810376047
70123700
810375619
811673418
811673400
810375015
811272343
810374819
70022945
811673210
810373978
810372699
810372540
810372532
810371998
810371881
810371857
811672121
810371667
811671751
811671719
811671553
811671496
811671371
811671280
811671040
811670828
811670563
811670240
811670042
811669483
811669342
810370338
811669128
80115881
810370239
811669003
811668881
811668857
811668641
810369711
810369505
810369414
810369399
811668279
811668196
811668170
811668146
810369092
810369034
810368979
810368961
810368789
811667932
811667247
811667164
811666877
810367161
811666736
811666728
811666538
810367012
811666174
811666166
811666158
811665837
811665738
811665704
811665639
811665613
811665580
811664251
810366494
811664219
811664201
811664178
811664102
810366452
811664037
811664011
811663500
810366296
811663485
811663477
811663427
810366147
811287623
811328295
810364521
811662958
810363557
811662833
811522582
810362971
810362153
811662073
810361329
810360850
70055324
70029734
810360610
810360389
810360355
810359176
810358772
810358764
810358623
810357774
811661140
810357310
811524900
810356809
810356388
810356338
810355950
810355471
811846297
810354431
810354209
811660241
810353805
811352640
810353558
80656467
810353160
810352740
811657785
810350760
811657537
810350497
811657404
811657397
810350348
810350265
810350257
811657248
810350158
810350132
811657149
811657107
810350025
811657032
811657016
810349953
811656878
811372820
811340596
811656539
80353120
811656406
811656290
811656159
811656050
811655961
811655747
811655630
811655622
811655507
810348541
80167059
80177542
810348260
811654608
811653692
811653585
811653444
811653436
811653428
810345810
811653311
810345315
811653072
811653056
811652967
810345050
810345026
810344903
811652876
811652868
811652818
810344333
810344044
810343624
810343327
810343129
810343046
810342303
811652595
810341842
810341553
810341496
810341123
70179026
70118686
811652347
810340282
811652280
810339821
810339607
811652066
811652008
810339269
810338956
811650961
810338617
810338584
811468463
810338493
811650549
811650341
811649972
810337833
811649807
810337403
810337239
810336851
80069260
811317933
810336059
80035080
810335853
810096075
810063537
810335473
810335366
810335001
810334566
71083594
810333542
810333485
810333435
71034410
810333138
810332966
810332908
810332049
810331900
70835355
810331497
810331348
810331330
810330936
810330754
810330697
810330663
810330514
810330407
810330043
810330035
810329921
810329872
810329830
70590123
70582929
810329153
810329096
810328999
810328551
810328501
810328494
70509768
810192831
810126781
810328238
810328056
810327636
810327454
810327397
811648643
810327024
810326589
810326315
810326092
811547910
810324757
70266999
810324202
810323874
810323676
810323501
810323395
810323197
810322587
811647877
811647736
810321589
810321539
811647330
811647314
810320698
811646952
80454660
810319500
811645897
811645813
811645714
810319196
811645110
811644724
811644211
811643304
80026897
810317265
810316910
810316902
810316861
810316788
810316564
70404692
70402594
810316085
70372195
810315566
810315376
810315269
810315194
810315079
810314980
811643007
810314310
70222831
810313651
810313601
811642679
811642653
811642629
810311788
810311762
810311746
811642546
810311738
810311720
810311712
811642520
810311689
810311671
810311663
810311598
810311572
811642447
811841677
810311530
811642413
811642405
811642398
810311522
811642372
810311457
810311374
810311358
811642273
811642257
810311340
811642207
811642182
811642166
810311209
811642124
811642041
810311019
811641423
811641390
811641275
811641267
810310681
810310631
811640863
80124945
811640673
811640508
811640491
811640433
80075073
811640392
811640384
810309882
811640342
811640326
811640318
811640285
811640201
810309725
811640110
810309585
811639882
811639874
811639832
811639759
811639650
810308826
811639593
810308660
810308652
810308636
811639519
810308602
811639478
811639444
811639436
811639428
70292407
810307539
810307258
810307076
810307000
810306945
810306482
70045399
810306094
811639098
810305385
810304832
811489740
810304759
811288134
70006783
810303909
810303553
810303462
810303446
810303214
811638272
810302589
811637688
810302430
810302191
810302042
80124317
811635244
80079800
80092504
80021194
810300591
810300583
810300377
810300187
810300103
70474287
810299968
810299950
810299918
811537557
810299546
810299413
810298895
810298853
810298556
810298548
810298192
810298168
810297649
810297409
70107917
70078734
810297178
810296542
811326637
810296203
810295594
810295479
810295255
811633545
811633503
810294819
811633438
810294679
811633280
811633206
811633199
811632927
811632894
811632860
811632836
811632711
811632571
811632555
811632539
810294158
811632307
811632208
811632191
810293994
811632000
811631763
811631226
811630773
811842807
80124589
810292889
811630707
811630682
811630674
811630632
811374579
80090820
811630541
811630533
811630434
810292318
810292293
811630236
811630228
811630202
810292087
80043325
811630054
810291956
810291930
811630038
811630012
811629990
810291774
810291071
70338160
810290718
811629916
70230730
810289597
70058448
810288127
810287822
810287806
810287765
70018233
810287385
80598076
810286618
810286551
70034710
810286262
810285868
810285834
810285587
810285537
811629271
810284430
810284117
810283888
810283721
810283581
810282921
810282525
810282377
810282210
810282046
810281949
810281543
810281204
810281189
810280660
810280454
70178785
811628421
810280008
810279605
810279580
810279449
810279390
810279316
810279233
810279100
70141645
70133875
810278417
810278243
811628091
810278110
810277922
810277914
810277344
811627994
810275819
810275794
810275728
810275380
810275174
810274051
810273219
810272873
810272849
810272394
70348388
810271841
810271718
810271502
810271461
810271130
810271099
810270439
810270356
810270299
810269200
810268690
810268327
810268202
810267915
810267527
811625790
810266727
810266719
80556039
810266438
811625104
811625089
811624479
810265224
810265191
810265133
810264945
80436670
811623877
811623760
811622613
810263731
810263591
810263492
811621863
811621772
811621540
810263260
810263210
811620344
810262478
80274378
810261389
810259772
80129556
810259467
810259102
811501495
811617672
811363530
80481748
811617383
810258419
810258302
810258211
810258013
810257859
810257750
810257578
811616781
810257221
810256819
810256497
810256273
810256265
810256140
810255556
810255506
810255465
810255366
810255267
810254996
810254772
810254714
810254540
810254326
810254243
810254201
810254079
810253716
810253708
810253633
810253625
810253427
810253310
810253154
810253063
810253021
810252750
810252669
810252552
70124984
810252544
810252388
810252247
70042108
810252065
70033403
810252015
811536088
70019039
810251356
810251306
810251299
810251108
811615759
810250788
811615717
810250598
811615709
810250564
810250423
811615593
811615527
811615452
811615353
811615345
810249799
811615238
811615220
811615197
810249723
811615105
811615048
811615030
811615022
811615014
811614991
810249682
811614967
810249674
811614941
811614925
811614892
811614834
811614826
811614777
811614743
811614735
811614719
811614579
811614537
811614420
80329229
811614313
811614280
811614256
811614107
811614090
811613969
811613951
811613935
811613828
811613810
80270682
811613638
811613571
811613555
811613521
811613505
811613472
811613430
811613414
811613406
811613315
811613290
811534826
811613240
810249244
811613216
811613175
811613068
811612945
810249179
811612721
811612698
811612614
80187513
811612523
811612341
811612309
811612036
811612010
810248915
811611541
811611450
810248676
811611137
811611111
80150628
811611062
811610907
80151705
811610767
811610759
811610725
811610676
811610634
810248478
811610577
811610569
811846594
811610452
811610353
810248353
810248329
811610246
811610220
811610212
811610197
811610163
810248246
811610139
811610121
811610105
811610080
811610072
811610064
811610056
811610014
811609992
811609950
811609942
811609934
811609885
810248072
811609801
80345704
811609728
811609710
810247983
811609679
811609637
811609629
811609603
811609570
810247892
810247876
810247842
80095368
811609504
811609497
811609489
811609463
810247777
810247678
810247470
810247454
80013957
811609207
811609190
811609174
811609158
811609132
811609116
810247339
810247321
811609075
810247298
811609067
811609033
811609025
810247074
810246836
810246456
810246430
810246315
810246232
810246183
810245804
811608861
811608853
811543611
811608770
810243824
811361146
811296260
811608522
811608514
810241901
810241753
810241662
810241604
810241282
810240375
810239724
810239287
810239047
810238255
810237695
810237554
810237124
810236960
810236902
70192576
810236374
70163255
810235334
810235285
810235227
810235201
810235045
810234328
810234188
810233784
810233198
810232992
70069403
810232603
810232538
811607508
811607475
810231994
810231944
810231796
811607144
810230384
811845835
811606831
810229460
810228967
810228488
810227456
811605156
810226903
810226755
811604504
810226622
811602433
810225616
80300891
810225583
810225195
810225096
811600643
810224973
80171307
811599911
810223850
810223157
811598153
810222381
811597650
80054599
811596412
811596404
811596248
811596230
810220707
810220343
810220020
810219916
70173946
810219619
810219578
70123419
810218976
810218645
810218471
810218348
811595886
810218041
810217564
810217176
810216285
810216201
810216011
811595472
810215831
810215691
811595331
810215485
811595232
810215360
80391749
80352328
811594797
811594656
810215089
811594523
811594507
811594424
811594375
810214742
811593913
811593864
811593856
811593690
811593666
811593632
811593442
811593319
810214065
810214031
810213934
810213885
810152348
810145062
810129397
810114299
810106585
810095473
810084426
810073528
810073081
810070558
810069113
810067505
810064585
810059768
810039075
810033100
810032045
810024810
810213356
810213314
810213182
810212994
810212770
810212506
810212358
810212027
810211988
810211053
71284417
810210683
810210336
810209628
810209610
810209587
810209496
810209412
810209230
810209074
810208969
810208711
810208513
71235432
810207903
810207896
811593096
810207474
810207424
810206880
810206830
810206781
810206616
810206591
71214192
810206129
810205650
810205155
810204503
810203745
810203216
811542639
810202416
810202151
811294305
810202036
810201715
810201674
810201608
810192683
810177536
810176554
810175225
810173063
810157463
810157009
810149452
810147365
810146739
810132340
810127226
810112954
810099566
810099128
810097833
810095671
810091132
810081472
810078677
810075368
810074493
810053207
810048498
810024448
810021957
810007759
810200668
810200634
810200337
810200238
810199960
810199861
810199580
810199548
810199134
810199093
810198798
810198706
810198566
810198243
810198201
810197849
810197641
810197609
810197550
810197237
810197104
810197063
810197055
810197039
810196883
810196859
810196768
71112136
810196693
810196594
810196578
810196388
